Fast-Drone-250源码d430标定参数
body_T_cam0: !!opencv-matrix
   rows: 4
   cols: 4
   dt: d
   data: [ -3.0597105734350372e-02, -5.8927835241672222e-03,
       9.9951442822153314e-01, 4.7302157421591003e-02,
       -9.9953144626651957e-01, -6.5966180705800959e-04,
       -3.0601515822914926e-02, 2.2936545354189812e-02,
       8.3966960215681175e-04, -9.9998241981978753e-01,
       -5.8698386963871307e-03, 6.1639590858913150e-02, 0., 0., 0., 1. ]
body_T_cam1: !!opencv-matrix
   rows: 4
   cols: 4
   dt: d
   data: [ -3.0069515759978405e-02, -5.7183785193312686e-03,
       9.9953145241611574e-01, 4.4848038940723180e-02,
       -9.9954744323873768e-01, -6.8446400583832556e-04,
       -3.0073912680706305e-02, -2.7107742793766636e-02,
       8.5611731814771996e-04, -9.9998341569054738e-01,
       -5.6952091272581828e-03, 6.1794907739113121e-02, 0., 0., 0., 1. ]


我使用的d430标定参数
body_T_cam0: !!opencv-matrix
   rows: 4
   cols: 4
   dt: d
   data: [ -1.3752227805338357e-02, 1.3962435028151737e-02,
       9.9980794487665237e-01, 7.9037229368557574e-02,
       -9.9939449510563483e-01, -3.2153057769926718e-02,
       -1.3297519640799381e-02, 1.0435226262472326e-02,
       3.1961216856430254e-02, -9.9938542679195042e-01,
       1.4396156880494893e-02, 5.2928471939609395e-02, 0., 0., 0., 1. ]
body_T_cam1: !!opencv-matrix
   rows: 4
   cols: 4
   dt: d
   data: [ -1.3824848094667219e-02, 1.1508491336363551e-02,
       9.9983820101170406e-01, 8.4669377693545711e-02,
       -9.9938190893534029e-01, -3.2481395196400475e-02,
       -1.3444666557825606e-02, -3.7854279200899760e-02,
       3.2321411910917947e-02, -9.9940608042639845e-01,
       1.1950428395193557e-02, 5.3920541153029425e-02, 0., 0., 0., 1. ]